1000
58 96
76 76
64 18
12 32
89 15
86 6
1 99
70 43
91 58
68 0
14 69
25 13
51 28
60 96
62 40
35 16
70 76
15 20
37 17
10 62
44 30
36 95
0 67
77 84
69 43
18 94
5 57
52 78
11 46
94 9
13 84
99 77
49 90
40 69
49 34
71 44
57 15
80 3
10 79
55 34
65 30
76 44
35 72
38 93
91 91
34 5
92 100
74 75
2 92
43 30
94 80
30 55
62 84
65 75
45 36
85 71
90 45
32 4
82 34
31 1
52 5
90 54
83 73
42 44
20 40
14 23
61 72
85 15
5 5
11 64
13 8
81 18
39 50
8 94
44 71
58 10
48 81
24 59
71 2
0 20
42 34
5 22
79 64
27 61
33 93
92 60
92 82
66 48
76 86
86 87
62 15
84 77
18 58
19 52
58 92
64 36
78 61
17 57
48 0
99 66
80 5
13 32
17 90
82 65
46 1
84 7
80 19
17 84
25 53
91 67
4 4
48 91
68 57
45 3
21 13
28 96
23 73
44 99
30 66
47 28
52 76
93 16
37 51
28 21
15 16
8 75
77 71
91 23
50 92
81 17
83 56
8 79
19 69
82 8
100 64
78 39
51 24
2 57
5 93
38 1
1 0
72 29
65 84
73 98
86 37
82 61
98 45
40 10
79 14
66 53
74 96
44 31
58 46
62 20
93 83
79 48
87 14
0 82
89 98
79 42
70 76
52 22
42 3
93 9
60 81
9 50
67 87
53 40
28 51
59 39
17 53
40 56
56 10
71 8
20 85
70 41
15 35
40 26
50 59
40 48
51 11
63 6
80 87
67 38
34 52
94 49
27 47
15 53
98 80
44 80
97 71
62 55
43 65
58 80
88 17
67 95
59 84
34 17
88 94
49 52
83 66
69 69
71 42
9 98
90 64
14 76
70 4
9 61
68 40
20 39
94 84
57 38
96 28
7 14
74 44
88 68
7 38
71 93
15 46
48 52
35 81
100 51
50 99
25 90
63 97
63 30
90 41
92 71
67 0
6 61
34 3
31 3
52 44
91 53
65 0
35 75
59 48
43 99
89 34
43 28
73 58
88 19
19 55
41 39
82 96
80 37
50 32
48 20
52 32
56 85
84 14
97 14
0 49
93 32
85 29
81 21
41 35
49 19
71 68
3 74
16 26
39 1
81 70
2 32
38 75
46 47
71 39
65 100
38 44
43 98
64 51
17 34
73 26
69 32
32 65
43 76
44 82
85 86
90 18
69 29
80 71
81 75
30 78
62 83
8 17
91 88
20 2
40 73
67 44
13 71
67 14
7 33
70 59
76 28
41 26
24 26
37 3
53 78
47 66
2 65
70 26
5 36
74 72
27 21
32 64
50 40
11 29
58 32
11 0
19 36
82 72
100 75
12 93
54 98
11 78
82 24
7 15
34 15
27 89
24 3
52 30
53 18
93 93
23 95
20 14
5 63
33 92
7 71
6 82
46 30
40 26
89 45
43 64
11 97
20 92
63 31
100 86
10 91
48 74
22 10
11 6
32 44
42 38
98 68
97 51
73 86
85 74
64 94
32 90
61 64
14 70
72 94
35 81
32 31
11 70
13 31
81 79
60 31
40 42
62 1
38 40
96 94
1 8
3 8
97 87
47 53
15 70
95 74
67 36
28 58
100 47
2 0
41 15
7 58
23 42
19 77
15 38
50 39
26 25
97 94
0 39
33 24
62 29
6 26
89 0
16 93
68 38
4 64
83 23
95 80
27 71
45 32
20 37
32 40
33 66
8 32
13 95
42 26
14 55
19 8
88 18
15 4
62 78
99 19
0 5
38 3
58 80
34 98
33 60
65 100
99 79
54 35
16 16
32 19
25 22
64 50
37 27
45 51
69 99
76 67
47 56
60 74
57 31
63 18
95 6
13 8
29 97
11 17
94 15
87 43
100 59
16 12
57 1
42 33
3 91
17 12
24 11
64 59
37 78
100 50
89 32
40 96
90 51
46 58
36 22
89 70
25 30
94 84
31 52
18 27
35 48
19 89
35 23
35 95
69 90
40 77
41 96
7 90
71 20
93 26
25 89
66 25
23 5
83 44
70 17
78 99
69 66
89 21
99 38
34 9
84 53
19 74
33 77
32 72
54 39
88 93
16 85
90 90
81 41
50 90
93 52
40 90
11 64
13 89
43 98
38 23
87 75
33 95
95 89
42 0
25 11
83 14
9 19
75 40
57 65
46 26
67 2
71 29
60 83
51 5
86 34
31 57
67 30
40 13
56 52
59 59
100 51
95 40
3 11
40 99
2 35
50 98
92 30
8 84
36 8
7 14
93 28
0 69
49 46
88 86
47 89
82 76
62 58
8 11
7 57
27 22
41 59
8 62
33 45
32 92
53 71
65 54
74 17
3 15
17 0
54 24
79 37
11 87
26 18
64 9
97 31
96 8
4 47
50 79
94 91
75 87
27 85
75 3
47 91
32 67
70 33
6 78
39 53
79 25
91 18
15 62
7 83
22 7
40 65
68 87
76 63
56 2
17 31
78 6
65 45
49 65
63 51
61 77
40 14
26 75
61 62
33 75
31 25
9 77
52 21
100 9
20 95
79 36
41 31
73 100
9 8
28 48
17 75
96 47
68 8
94 58
60 52
46 13
85 30
63 12
83 18
72 98
75 3
74 96
96 83
24 57
86 9
64 25
57 59
53 13
65 40
64 82
74 40
77 21
59 30
34 3
13 78
12 96
55 53
40 82
17 3
100 76
49 90
12 87
47 34
33 4
35 20
78 36
63 60
78 1
96 62
54 27
31 4
9 89
41 95
83 85
43 17
28 60
21 13
12 79
90 30
31 57
58 60
81 48
53 86
59 92
73 80
1 95
40 6
32 94
91 82
37 29
85 98
87 3
22 4
76 27
75 2
29 39
49 88
100 17
98 76
59 60
76 98
73 70
49 43
81 35
20 49
89 8
37 77
78 77
97 56
97 39
53 31
35 7
81 69
62 14
55 98
95 60
98 14
5 42
23 18
30 26
61 27
22 17
99 89
13 90
32 55
78 91
99 76
25 41
78 54
52 34
28 5
55 17
3 38
78 80
86 38
96 56
47 2
42 5
98 42
31 12
7 81
10 33
45 40
91 20
37 87
59 46
80 8
100 46
59 88
100 50
67 21
81 6
87 26
65 18
40 81
49 43
44 48
44 36
36 77
94 9
29 78
5 92
10 6
84 29
98 99
94 83
9 5
15 98
4 87
82 44
30 5
98 25
68 57
72 54
54 32
98 32
65 14
39 70
89 15
9 88
78 8
7 69
36 89
14 79
82 74
31 89
33 99
91 56
9 21
58 12
92 1
98 98
32 53
32 17
26 33
91 73
62 70
93 47
18 41
75 81
9 68
79 88
77 39
50 64
70 98
62 69
60 29
14 92
85 18
80 6
26 54
95 91
12 100
2 39
94 44
33 70
26 87
7 1
90 59
85 69
43 33
49 45
24 16
19 81
45 73
79 21
65 67
74 19
40 5
71 29
53 34
47 100
15 60
3 72
14 89
56 36
40 62
17 5
7 61
58 19
86 99
34 32
50 65
99 23
1 81
34 72
5 37
62 3
2 49
65 39
99 66
25 76
16 48
56 99
100 69
41 77
22 25
30 84
86 100
32 51
77 77
88 73
49 98
45 78
8 66
82 4
49 80
73 76
85 54
68 27
36 40
24 32
69 15
17 8
80 96
71 35
93 59
71 31
41 34
53 57
91 21
46 10
68 2
17 0
73 8
65 48
21 89
28 14
54 93
77 85
26 55
12 91
12 58
94 15
87 54
8 83
43 46
6 22
49 13
33 76
11 30
13 81
2 97
7 29
51 99
35 61
46 59
92 79
26 40
23 53
89 58
82 68
83 31
98 8
31 25
93 6
0 62
38 19
57 57
88 85
37 88
11 55
57 26
48 75
4 21
38 66
24 75
24 73
63 76
79 65
60 18
56 70
38 18
96 23
34 82
7 50
43 57
48 24
42 80
93 81
74 26
65 65
41 28
58 95
77 80
79 66
84 11
87 2
34 51
16 33
63 19
15 42
67 40
15 67
69 22
42 70
63 55
61 89
91 12
53 43
40 7
37 100
50 55
81 57
79 41
53 93
18 91
50 52
66 49
34 90
5 11
66 26
33 25
14 71
41 4
86 10
3 23
23 16
92 79
7 86
8 21
2 20
49 82
62 65
6 49
35 94
96 82
1 86
6 51
8 12
21 45
66 86
7 51
17 56
40 52
51 36
41 29
14 18
30 88
61 83
14 74
16 11
7 18
20 8
94 54
40 97
38 59
18 88
6 49
18 80
11 9
20 27
5 77
66 92
31 65
56 65
2 31
9 24
37 14
55 43
8 41
91 57
6 3
84 61
4 30
24 49
20 0
53 6
38 14
25 36
46 97
27 48
32 88
12 98
3 22
87 18
64 91
96 73
14 69
21 18
90 93
51 66
58 6
40 64
6 95
23 49
4 73
93 5
